meta :
  timeStamp : 2025-04-15T20:47:43.661Z
Kp: 0.001742576709954978
VelocityPhaseLag: 10.0
VelocityPhaseMargin: 65.0
Wc: 14.431902865125137
Ki: 0.004434393954133426
