meta :
  timeStamp : 2025-04-15T20:56:01.033Z
CurrentPhaseMargin: 80.0
Kp: 0.21857407726943448
CurrentPhaseLag: 45.0
Wc: 686.8645869396512
Ki: 150.1307932993855
