meta :
  timeStamp : 2025-04-15T20:56:01.034Z
Kp: 0.013581836939612532
VelocityPhaseLag: 10.0
VelocityPhaseMargin: 65.0
Wc: 9.635019652424925
Ki: 0.02307437189535022
